precinct candidate race income
 52   3   1   5
 52   3   4   4
 52   3   1   6
 52   3   1   4
 52   1   1   0
 52   3   1   2
 52   3   1   6
 52   3   1   2
 52   3   4   5
 52   3   4   8
 52   1   1   8
 52   3   1   5
 52   1   1   8
 52   3   1   2
 52   3   1   1
 52   1   1   5
 52   3   1   8
 52   3   1   7
 52   3   1   3
 52   1   1   4
 52   3   1   6
 52   3   1   0
 52   3   1   8
 52   3   1   0
 52   3   1   2
 52   3   1   6
 52   3   1   0
 52   3   1   4
 52   3   1   6
 52   3   1   0
 52   3   5   5
 52   1   1   3
 52   1   1   4
 52   4   1   4
 52   3   1   8
 52   1   1   4
 52   3   2   5
 52   1   4   8
 52   3   1   2
 52   3   1   7
 52   3   1   6
 52   3   1   5
 52   1   1   8
 52   3   1   1
 52   3   2   3
 62   3   4   1
 62   3   4   1
 62   1   3   1
 62   1   3   1
 62   1   3   1
 62   3   4   0
 62   1   4   1
 62   1   1   1
 62   1   4   6
 62   1   3   6
 62   1   3   0
 62   3   4   1
 62   1   4   1
 62   1   3   1
 62   3   3   1
 62   3   4   1
 62   3   4   2
 62   1   3   1
 62   3   1   1
 62   1   3   1
 62   3   4   2
 62   1   3   1
 62   1   3   1
 62   3   2   4
 62   1   2   1
 62   3   3   1
 62   1   2   3
 62   3   1   6
 62   3   3   1
 62   1   3   4
 62   1   1   2
 62   3   2   1
 62   1   2   3
 62   1   5   4
 62   3   4   6
 62   3   1   3
 62   1   3   3
 62   1   3   3
 62   3   4   3
 61   1   4   3
 61   1   3   1
 61   3   3   0
 61   3   3   0
 61   3   4   4
 61   3   4   0
 61   1   3   1
 61   1   4   3
 61   1   3   1
 61   1   3   2
 61   3   1   1
 61   3   1   1
 61   3   5   3
 61   1   3   1
 61   1   5   2
 61   1   3   3
 61   1   3   2
 61   3   4   3
 61   1   3   3
 61   1   3   3
 61   1   3   3
 61   1   3   3
 61   1   3   3
 61   1   3   0
 61   3   2   4
 61   3   2   2
 61   1   3   1
 61   1   2   4
 61   3   2   3
 61   1   1   1
 61   1   3   3
 61   3   2   1
 61   1   3   1
 61   3   4   3
 61   1   3   2
 61   1   3   0
 61   1   3   1
 61   3   2   2
 61   1   3   0
 61   1   5   1
 92   1   3   2
 92   1   3   4
 92   1   3   2
 92   1   3   1
 92   1   3   4
 92   3   2   1
 92   3   2   2
 92   1   2   3
 92   3   2   0
 92   1   3   0
 92   1   1   0
 92   1   3   2
 92   1   3   4
 92   1   2   4
 92   1   2   3
 92   1   2   2
 92   1   2   3
 92   3   2   1
 92   3   2   3
 92   3   2   4
 92   3   2   0
 92   1   3   1
 92   1   3   4
 92   1   1   2
 92   3   2   3
 92   3   2   1
 92   1   2   1
 92   1   3   0
 92   3   2   2
 92   1   3   1
 92   1   3   1
 92   1   2   4
 92   1   2   4
 92   1   2   5
 92   1   2   2
 92   1   3   1
 92   1   2   1
 92   1   3   2
 92   1   1   1
 92   3   2   2
 94   3   1   2
 94   1   5   3
 94   1   3   2
 94   1   3   2
 94   1   3   1
 94   4   1   5
 94   3   2   0
 94   3   2   4
 94   3   1   1
 94   1   3   1
 94   1   3   1
 94   3   2   0
 94   1   3   2
 94   4   2   5
 94   1   2   4
 94   3   1   1
 94   1   3   1
 94   1   3   4
 94   1   3   0
 94   1   3   0
 94   3   2   4
 94   1   3   4
 94   1   0   0
 94   3   2   4
 94   1   3   1
 94   1   0   0
 94   1   1   0
 94   1   3   1
 94   1   4   2
 94   3   1   3
 94   3   3   2
 94   3   1   0
 94   3   1   3
 94   1   3   0
 94   1   3   2
 94   1   0   1
 94   1   3   4
 94   1   3   3
 94   1   3   7
 94   1   3   2
 94   1   2   2
 94   1   3   1
 94   1   3   4
 94   1   3   3
 94   4   5   2
 94   1   3   1
 94   3   1   2
 94   1   3   4
 94   3   1   2
 94   1   3   2
 94   3   2   2
 94   3   2   1
 94   3   2   1
 94   3   2   2
 94   3   2   1
 94   3   2   5
 94   3   2   5
 94   1   2   0
 94   1   3   4
 94   1   2   2
 94   1   3   1
 94   1   2   5
 94   1   2   4
 94   1   3   0
 94   1   3   1
 94   1   3   3
 94   3   1   6
 94   3   1   6
 31   3   1   4
 31   3   1   8
 31   1   1   4
 31   3   1   3
 31   3   1   2
 31   3   1   3
 31   3   2   2
 31   3   1   0
 31   3   1   6
 31   3   1   4
 31   3   1   3
 31   3   1   7
 31   3   1   6
 31   3   1   5
 31   4   1   3
 31   3   1   8
 31   3   1   2
 31   2   3   8
 31   4   1   3
 31   3   1   7
 31   2   2   4
 34   1   1   6
 34   3   1   6
 34   1   1   4
 34   3   1   1
 34   3   3   2
 34   1   1   6
 34   1   1   4
 34   1   1   2
 34   3   1   3
 34   3   1   1
 34   1   1   1
 34   3   2   4
 34   2   1   2
 34   5   3   3
 34   1   3   4
 34   3   3   1
 34   3   3   3
 34   3   2   3
 34   3   1   1
 34   1   2   1
 34   3   2   5
 34   3   1   4
 34   3   5   1
 34   1   2   3
 34   3   1   0
 41   3   1   8
 41   3   2   2
 41   3   1   1
 41   1   5   4
 41   1   3   6
 41   1   3   2
 41   3   2   0
 41   3   0   0
 41   1   3   2
 41   3   2   8
 41   3   1   4
 41   3   2   3
 41   3   2   4
 41   3   3   2
 41   3   1   3
 41   3   1   3
 41   3   1   2
 41   3   1   0
 41   1   3   3
 41   1   3   5
 41   1   3   5
 41   2   1   3
 41   3   1   3
 41   3   2   1
 41   3   1   4
 41   1   3   2
 41   3   1   4
 41   3   2   5
 41   3   1   4
 41   1   1   4
 41   1   3   0
 41   3   1   5
 41   1   2   2
 41   3   1   5
 41   1   1   5
 41   3   1   4
 41   3   1   1
 72   1   4   5
 72   1   1   6
 72   3   2   4
 72   1   1   0
 72   1   3   1
 72   1   3   5
 72   3   1   5
 72   1   3   1
 72   3   1   2
 72   1   3   4
 72   3   1   2
 72   1   3   8
 72   1   3   3
 72   3   1   2
 72   1   1   6
 72   3   4   7
 72   3   1   2
 72   3   1   3
 72   3   1   3
 72   3   4   2
 72   3   1   6
 72   3   1   5
 72   4   1   4
 72   1   2   5
 72   3   4   7
 72   3   4   4
 72   3   2   3
 72   3   1   4
 72   1   3   5
 72   1   1   2
 72   1   3   4
 72   3   4   1
 72   3   1   5
 72   3   2   5
 72   1   3   3
 72   3   1   4
 72   1   1   8
 72   1   1   6
 72   3   1   8
 72   3   1   8
 72   3   1   5
 72   1   1   4
 22   1   1   7
 22   3   1   3
 22   3   1   4
 22   3   1   4
 22   3   1   2
 22   3   1   8
 22   3   1   8
 22   3   1   3
 22   3   1   4
 22   1   1   7
 22   3   1   6
 22   3   1   6
 22   3   1   3
 22   1   1   7
 22   3   1   6
 22   3   1   3
 22   3   1   7
 22   3   0   1
 22   3   5   8
 22   1   1   8
 22   3   1   4
 22   1   1   3
 22   1   1   2
 22   1   1   6
 22   1   1   4
 22   3   1   8
 22   3   1   1
 22   3   1   4
 22   1   3   5
 22   3   1   7
 22   1   1   2
 22   3   1   7
 22   1   1   3
 22   3   1   8
 22   5   1   2
 22   3   1   8
 22   3   2   5
 22   3   1   4
 22   3   2   6
 22   1   1   1
 22   1   1   2
 22   3   1   7
 22   3   5   2
 22   1   3   8
 22   1   5   3
 22   1   4   7
 22   3   1   4
 22   1   3   2
 22   1   1   7
 22   1   1   3
 22   1   1   3
 22   1   1   4
 22   3   1   4
 22   1   3   3
 22   3   1   5
 21   3   1   5
 21   1   1   3
 21   3   1   4
 21   3   1   3
 21   3   1   3
 21   1   1   1
 21   1   4   7
 21   3   1   5
 21   3   1   0
 21   3   1   1
 21   3   1   8
 21   3   1   3
 21   3   1   5
 21   3   1   6
 21   3   1   6
 21   1   3   5
 21   3   1   7
 21   3   1   5
 21   3   1   2
 81   1   3   1
 81   3   2   1
 81   3   2   3
 81   1   5   3
 81   1   2   1
 81   1   3   3
 81   1   2   1
 81   1   3   2
 81   1   2   2
 81   1   0   0
 81   1   3   2
 81   1   3   3
 81   3   4   1
 81   1   3   6
 81   1   3   1
 81   3   3   1
 81   1   3   1
 81   1   3   2
 81   1   3   3
 81   1   3   2
 81   1   3   2
 81   1   3   1
 81   1   3   1
 81   1   3   0
 81   1   3   6
 81   1   3   2
 81   1   3   1
 81   3   2   1
 81   1   3   5
 81   1   3   4
 81   3   3   1
 81   1   3   4
 81   1   3   2
 81   1   3   1
 81   1   3   2
 81   1   3   4
 81   3   4   4
 81   1   3   6
 81   1   2   2
 81   1   3   5
 81   1   3   1
 81   5   2   3
 81   1   3   4
 81   1   3   1
 81   1   3   1
 81   1   3   4
 81   1   3   5
 81   1   5   2
 81   1   3   2
 81   1   3   3
 81   3   2   7
 81   1   3   2
 81   1   2   4
 81   1   5   2
 81   1   4   6
 81   1   3   4
 81   1   2   3
 81   3   2   7
 81   1   3   3
 81   3   2   5
 81   3   2   3
 81   3   2   4
 81   3   2   1
 81   3   1   3
 81   1   3   6
 81   1   3   1
 81   1   3   1
 81   1   3   3
 25   1   1   6
 25   3   1   7
 25   1   1   8
 25   1   1   0
 25   1   1   0
 25   3   1   8
 25   3   1   8
 25   3   1   3
 25   1   1   7
 25   1   1   4
 25   3   1   8
 25   3   1   3
 25   3   1   6
 25   1   1   5
 25   3   1   5
 25   1   1   3
 25   3   1   8
 25   1   1   8
 25   3   1   6
 25   3   2   4
 25   3   1   0
 25   1   1   8
 25   3   1   8
 25   3   1   8
 25   3   2   8
 25   1   1   3
 25   3   1   5
 25   3   1   7
 25   3   1   6
 25   3   1   1
 25   1   2   3
 25   3   1   8
 25   3   2   3
 12   3   1   6
 12   3   1   5
 12   3   1   6
 12   5   1   5
 12   1   1   4
 12   3   1   5
 12   3   1   6
 12   1   1   5
 12   3   3   4
 12   1   2   5
 12   3   1   3
 12   3   2   6
 12   3   2   7
 12   1   3   8
 12   3   1   3
 12   1   3   6
 12   3   1   4
 12   3   2   3
 12   3   4   3
 12   3   1   6
 12   3   1   8
 12   3   1   3
 12   3   3   1
 12   3   2   2
 12   1   1   3
 12   3   1   5
 12   3   1   1
 12   3   2   4
 12   1   1   6
 12   3   1   5
 12   1   3   6
 12   1   1   4
 12   3   1   7
 12   1   4   2
 12   1   1   8
 12   1   3   6
 12   3   2   4
 12   3   1   3
 12   3   1   8
 12   1   3   3
 12   1   2   5
 12   3   1   5
 12   3   1   3
 12   1   3   4
 12   1   2   4
 12   3   1   4
 12   1   2   4
 12   3   2   1
 12   3   3   3
 12   3   1   6
 12   3   1   7
 12   3   2   2
 12   1   3   8
 12   3   2   2
 12   3   1   7
 12   3   1   7
 12   1   3   6
 12   3   3   1
 12   3   1   3
 12   1   3   1
 12   1   3   6
 24   3   1   7
 24   3   2   7
 24   3   1   4
 24   1   1   7
 24   1   2   8
 24   3   1   5
 24   1   1   6
 24   3   1   8
 24   3   1   6
 24   3   1   8
 24   3   1   3
 24   3   1   6
 24   3   4   3
 24   3   1   6
 24   3   1   5
 24   3   1   7
 24   3   1   2
 24   1   1   3
 24   3   1   8
 24   3   1   6
 24   1   3   3
 24   1   3   8
 24   1   1   3
 24   1   3   4
 24   3   2   5
 24   1   3   4
 24   3   5   4
 24   3   0   5
 24   1   3   8
 24   3   1   8
 24   3   1   6
 24   3   2   3
 24   3   1   4
 24   3   2   7
 24   1   3   7
 24   1   4   7
 24   1   4   8
 24   1   3   6
 24   3   5   7
 24   3   1   6
 24   3   1   8
 24   1   1   6
 24   3   2   4
 24   3   3   7
 24   3   1   1
 24   3   3   1
 24   1   3   2
 24   1   3   4
 24   3   3   4
 24   1   1   3
 24   3   2   7
 24   1   2   2
 24   3   1   7
 24   1   3   3
 24   3   4   4
 64   3   2   5
 64   3   4   3
 64   3   4   2
 64   3   4   3
 64   1   4   2
 64   1   3   1
 64   3   4   1
 64   1   1   2
 64   1   3   1
 64   3   2   4
 64   1   2   6
 64   3   4   2
 64   3   2   2
 64   1   2   6
 64   1   3   3
 64   3   4   2
 64   3   4   3
 64   1   2   1
 64   3   2   2
 64   1   1   1
 64   2   1   1
 64   3   1   0
 64   1   2   3
 64   1   3   3
 64   1   3   2
 64   1   3   4
 64   3   0   1
 64   3   2   3
 64   1   3   8
 64   1   3   3
 64   1   3   0
 64   3   4   1
 64   3   2   2
 64   1   3   4
 64   3   1   8
 64   3   4   1
 64   3   4   2
 64   3   4   2
 64   1   3   2
 64   1   3   2
 64   3   2   2
 64   3   2   2
 64   3   2   1
 64   3   4   3
 64   3   2   2
 64   1   2   3
 64   1   5   3
 64   3   2   2
 64   1   1   1
 64   3   2   2
 64   1   3   2
 64   1   1   1
 64   1   3   1
 64   1   3   2
 64   1   2   5
 64   1   3   7
 64   1   2   5
 64   3   2   5
 64   1   4   6
 64   1   4   2
 64   1   3   2
 64   1   3   6
 64   1   4   4
 64   3   4   4
 64   1   4   5
 64   1   3   0
 64   1   2   5
 64   1   2   3
 64   2   1   6
 64   3   2   6
 54   3   1   0
 54   3   1   0
 54   3   1   5
 54   3   1   0
 54   1   1   4
 54   5   1   4
 54   5   1   4
 54   3   1   8
 54   3   2   3
 54   3   2   1
 54   1   1   3
 54   1   1   6
 54   1   1   4
 54   3   1   4
 54   1   2   2
 54   3   1   1
 54   3   1   2
 54   1   2   3
 54   3   1   4
 54   3   1   0
 54   3   1   4
 54   1   1   5
 54   3   1   6
 54   1   1   5
 54   3   4   6
 54   1   0   4
 54   3   2   3
 14   1   1   6
 14   3   1   7
 14   3   1   5
 14   4   1   6
 14   3   1   8
 14   3   1   5
 14   3   1   7
 14   4   1   4
 14   1   3   6
 14   1   3   1
 14   3   1   4
 14   3   1   2
 14   3   1   5
 14   3   1   4
 14   3   4   1
 14   3   1   3
 14   1   1   5
 14   3   1   3
 14   1   1   3
 14   3   1   4
 14   1   2   4
 14   1   1   4
 14   3   1   3
 14   3   1   5
 14   2   1   5
 14   3   1   5
 14   3   1   4
 14   3   1   0
 14   3   5   4
 14   3   2   6
 14   3   1   0
 14   2   2   7
 14   3   1   2
 14   4   1   4
 14   3   1   5
 14   1   1   3
 14   1   3   5
 14   2   1   3
 83   1   3   1
 83   3   1   3
 83   3   1   4
 83   1   1   2
 83   1   1   3
 83   1   2   2
 83   1   1   1
 83   1   1   1
 83   1   1   5
 83   3   2   4
 83   3   1   6
 83   3   1   2
 83   3   5   4
 83   1   1   4
 83   1   1   4
 83   3   2   1
 83   3   4   4
 83   1   1   2
 83   3   1   0
 83   3   1   8
 83   3   1   4
 83   3   1   3
 83   4   5   0
 83   1   3   2
 83   3   2   4
 83   3   1   4
 83   1   3   3
 83   3   1   5
 75   1   1   4
 75   3   1   2
 75   3   1   7
 75   3   1   8
 75   3   1   2
 75   3   1   2
 75   3   1   3
 75   3   1   3
 75   3   1   3
 75   3   4   2
 75   3   1   3
 75   3   1   2
 75   3   1   3
 75   3   1   3
 75   3   1   3
 75   5   1   6
 75   1   1   0
 75   3   1   4
 75   1   1   2
 75   3   4   4
 75   1   1   2
 75   3   2   2
 75   3   1   4
 75   3   2   0
 75   1   1   6
 75   1   5   7
 75   3   1   2
 75   3   1   6
 75   3   2   3
 75   3   1   6
 75   3   1   6
 75   1   1   3
 75   1   2   3
 75   3   1   6
 75   3   1   6
 75   3   1   6
 75   5   1   5
 75   3   1   2
 75   1   2   5
 75   3   1   6
 75   3   1   3
 75   1   4   1
 75   3   2   7
 75   1   1   4
 75   2   3   1
 75   3   2   3
 75   1   2   5
 75   1   2   2
 75   1   1   2
 53   1   1   6
 53   4   1   7
 53   3   1   0
 53   1   1   6
 53   3   1   3
 53   3   0   1
 53   3   1   5
 53   1   1   4
 53   1   1   2
 53   3   1   6
 53   3   1   1
 53   1   1   4
 53   1   1   6
 53   1   1   1
 53   3   1   4
 53   1   5   3
 53   1   1   3
 53   1   1   4
 53   3   1   6
 53   3   1   5
 53   1   1   7
 53   3   1   3
 53   3   2   7
 53   3   5   5
 53   3   1   0
 53   3   1   4
 53   3   1   7
 53   1   1   3
 53   3   1   3
 53   3   1   0
 53   1   1   4
 53   3   1   5
 53   3   1   2
 53   3   1   5
 53   3   1   3
 53   1   2   5
 53   3   1   5
 53   3   1   6
 53   3   1   3
 53   1   1   4
 53   3   1   3
 53   1   1   4
 53   1   1   4
 53   1   1   2
 53   3   1   6
 53   1   1   1
 53   1   1   1
 53   1   2   7
 53   4   1   2
 53   3   2   7
 53   1   2   1
 53   3   1   8
 53   1   1   8
 53   3   1   5
 53   1   1   7
 53   1   1   1
 53   1   4   4
 53   4   1   6
 53   3   1   3
 55   3   1   1
 55   1   1   8
 55   3   1   2
 55   3   1   2
 55   1   1   4
 55   3   1   4
 55   3   1   3
 55   1   1   5
 55   3   1   6
 55   1   1   5
 55   3   1   1
 55   1   1   3
 55   1   1   4
 55   3   2   5
 55   3   1   3
 55   3   1   0
 55   3   1   1
 55   1   1   5
 55   3   1   8
 55   3   1   3
 55   1   1   1
 55   1   1   2
 55   1   2   3
 55   3   1   1
 55   3   4   1
 55   3   2   0
 55   3   1   5
 55   1   2   6
 55   3   1   2
 55   1   2   5
 55   3   2   3
 55   3   1   3
 55   1   1   5
 55   1   1   1
 55   3   1   4
 55   1   1   4
 55   1   1   2
 55   3   1   3
 55   3   1   4
 55   3   2   5
 55   1   2   5
 55   1   1   3
 55   3   1   5
 55   1   1   4
 55   1   3   3
 55   1   3   2
 55   3   1   6
 55   3   1   5
 55   1   1   4
 55   1   1   2
 55   3   1   4
 55   3   4   4
 55   1   1   8
 55   3   4   2
 55   3   1   4
 55   1   1   7
 55   1   2   7
 55   3   1   4
 55   1   2   8
 55   1   4   5
 55   1   2   4
 55   3   1   5
 55   1   1   5
 55   3   1   4
 55   3   2   5
 55   3   2   4
 23   3   1   0
 23   3   1   4
 23   3   1   8
 23   3   1   4
 23   3   1   5
 23   3   1   6
 23   3   1   6
 23   3   0   6
 23   3   1   8
 23   3   1   7
 23   1   3   5
 23   3   1   7
 23   3   1   5
 23   1   3   5
 23   1   1   5
 23   3   1   7
 23   3   1   4
 23   3   1   6
 23   1   1   8
 23   1   4   8
 23   3   1   3
 23   3   1   8
 23   3   1   8
 23   1   4   5
 23   1   5   6
 23   3   1   8
 23   3   4   8
 23   3   2   8
 23   1   1   1
 23   3   1   8
 23   3   1   8
 23   1   1   8
 23   3   4   8
 23   5   2   6
 23   3   3   8
 23   1   3   3
 23   3   1   8
 23   1   1   7
 23   1   1   8
 23   3   1   5
 23   3   1   7
 23   3   1   8
 23   1   3   2
 23   3   2   8
 23   3   1   8
 23   3   2   8
 23   4   1   6
 23   1   0   0
 35   3   1   4
 35   3   1   8
 35   1   3   2
 35   3   1   0
 35   3   1   2
 35   1   1   4
 35   3   1   3
 35   3   1   5
 35   3   1   5
 35   3   1   3
 35   3   1   4
 35   3   1   3
 35   1   1   4
 35   1   1   2
 35   3   1   3
 35   3   1   4
 35   3   1   0
 35   3   1   4
 35   3   1   4
 35   3   1   8
 35   3   5   4
 35   3   1   3
 35   3   1   1
 35   1   1   4
 35   1   3   2
 35   3   1   3
 35   3   1   4
 35   3   1   4
 35   3   2   8
 35   1   1   7
 35   3   1   4
 35   3   1   2
 35   2   1   3
 35   3   2   8
 35   1   3   3
 35   3   2   5
 35   3   1   4
 35   1   5   6
 35   1   2   3
 35   1   1   4
 35   1   5   8
 35   3   2   3
 35   3   4   4
 35   3   2   3
 35   1   1   3
 35   1   1   0
 35   3   4   5
 35   3   4   4
 35   3   1   1
 35   1   3   6
 35   1   3   2
 35   1   3   5
 85   1   3   6
 85   1   3   1
 85   3   1   8
 85   1   3   4
 85   4   1   0
 85   3   1   5
 85   1   3   2
 85   3   1   1
 85   1   1   4
 85   1   3   1
 85   1   1   1
 85   3   1   1
 85   1   5   2
 85   3   2   3
 85   3   1   2
 85   1   1   2
 85   1   3   1
 85   3   2   2
 85   1   1   3
 85   1   2   5
 85   1   1   8
 85   3   2   1
 85   3   1   3
 73   1   2   4
 73   1   5   5
 73   1   1   5
 73   5   2   4
 73   1   2   4
 73   3   1   4
 73   1   1   1
 73   3   1   6
 73   3   1   4
 73   3   1   4
 73   3   1   4
 73   3   1   5
 73   3   1   4
 73   1   2   6
 73   3   1   4
 73   1   1   1
 73   1   3   3
 73   1   0   1
 73   1   5   2
 73   1   2   7
 73   3   1   4
 73   1   3   5
 73   3   1   8
 73   1   3   6
 73   3   1   6
 73   3   1   3
 73   3   1   6
 73   3   1   3
 73   3   1   4
 73   1   3   2
 73   3   1   4
 73   1   0   3
 73   3   2   4
 73   3   1   5
 73   1   1   5
 73   3   1   2
 73   1   1   1
 73   3   1   2
 73   3   1   7
 73   1   1   3
 73   3   1   5
 65   3   4   3
 65   1   3   6
 65   1   0   1
 65   3   5   0
 65   1   3   5
 65   3   4   2
 65   1   4   1
 65   3   4   2
 65   3   4   2
 65   1   3   3
 65   1   3   3
 65   1   2   3
 65   3   1   2
 65   3   2   2
 65   1   3   4
 65   1   3   4
 65   1   1   1
 65   3   3   1
 65   1   1   2
 65   3   2   3
 65   3   2   3
 65   3   3   0
 65   1   3   1
 65   3   4   2
 65   1   3   2
 65   1   3   3
 65   3   5   3
 65   1   3   3
 65   3   4   4
 65   3   2   5
 65   1   3   6
 65   1   3   5
 65   1   2   6
 65   3   4   1
 65   3   2   0
 65   3   2   0
 65   1   3   6
 65   1   2   5
 65   3   0   3
 65   3   4   1
 43   3   1   1
 43   3   1   2
 43   3   1   0
 43   3   1   2
 43   3   1   2
 43   3   1   4
 43   3   1   4
 43   3   1   4
 43   3   1   0
 43   3   1   4
 43   3   1   2
 43   3   1   4
 43   3   1   1
 43   3   1   6
 43   3   1   0
 43   3   1   0
 43   3   1   3
 43   3   1   4
 43   3   2   2
 43   3   1   2
 43   3   1   0
 43   3   1   0
 43   3   1   4
 43   3   1   5
 43   3   1   6
 43   3   1   5
 43   3   1   4
 43   3   1   5
 43   3   1   2
 43   3   1   2
 43   3   1   4
 43   3   1   4
 43   3   1   0
 43   3   1   3
 43   5   5   5
 43   3   1   1
 43   3   1   4
 43   4   1   3
 43   3   1   4
 43   3   1   1
 43   3   1   4
 43   3   1   1
 74   3   1   3
 74   3   1   2
 74   3   1   4
 74   3   1   3
 74   3   1   3
 74   1   1   2
 74   3   1   2
 74   3   1   3
 74   3   1   6
 74   3   2   2
 74   3   1   2
 74   1   2   3
 74   3   1   3
 74   1   3   6
 74   1   2   8
 74   1   1   6
 74   3   1   2
 74   3   1   6
 74   2   1   6
 74   3   1   2
 74   1   3   5
 74   1   2   8
 74   1   1   8
 74   3   1   2
 74   3   1   4
 74   1   1   7
 74   3   2   4
 74   1   2   4
 74   1   4   6
 74   1   3   2
 74   1   3   7
 74   3   2   1
 74   1   1   1
 74   3   1   8
 74   3   2   3
 74   1   1   4
 74   1   1   2
 13   1   1   3
 13   3   2   4
 13   5   1   5
 13   1   1   6
 13   1   1   7
 13   1   1   5
 13   3   1   0
 13   3   1   5
 13   3   1   8
 13   1   1   5
 13   3   1   7
 13   3   1   2
 13   2   1   4
 13   3   1   0
 13   3   4   4
 13   3   1   6
 13   3   1   2
 13   1   1   2
 13   1   1   6
 13   3   2   5
 13   3   1   4
 13   3   2   5
 13   3   1   5
 13   3   1   4
 13   3   3   5
 13   3   1   4
 13   1   1   4
 13   3   1   0
 13   1   0   3
 13   1   1   6
 13   3   1   6
 13   3   1   5
 13   3   1   5
 13   3   1   4
 13   3   4   0
 13   3   1   1
 13   4   1   2
 13   3   2   5
 13   3   1   3
 13   1   1   5
 13   1   0   0
 13   3   4   2
 13   1   3   4
 13   1   1   5
 13   3   1   3
 13   3   1   6
 13   1   1   4
 13   3   1   4
 13   4   5   6
 13   3   1   6
 13   3   1   2
 13   3   4   5
 13   3   4   7
 13   1   1   0
 13   3   4   7
 13   3   1   0
 91   1   3   0
 91   1   3   0
 91   3   4   4
 91   1   3   8
 91   1   3   1
 91   1   3   1
 91   1   2   2
 91   1   5   3
 91   3   1   1
 91   3   2   1
 91   3   1   1
 91   3   1   2
 91   1   3   2
 91   3   2   1
 91   3   1   2
 91   1   3   3
 91   3   4   1
 91   3   2   0
 91   3   4   1
 91   1   4   3
 91   1   3   5
 91   3   1   3
 91   1   5   2
 91   3   4   1
 91   3   1   1
 91   3   1   1
 91   3   1   1
 91   1   3   2
 91   1   3   2
 91   1   5   2
 91   3   2   2
 91   3   2   3
 91   1   3   3
 91   3   2   2
 91   1   2   3
 91   1   3   1
 91   1   2   1
 91   3   2   5
 91   1   3   3
 91   1   3   3
 91   1   2   1
 91   3   2   3
 91   3   1   3
 91   1   3   2
 91   3   2   5
 91   1   3   1
 91   1   3   2
 91   3   1   3
 91   3   2   3
 91   3   2   3
 91   1   2   3
 91   1   3   1
 91   1   3   5
 91   1   2   1
 91   1   4   1
 91   1   3   5
 91   1   2   1
 91   1   0   4
 91   1   3   1
 91   3   4   2
 91   3   1   2
 91   3   4   2
 91   1   2   1
 91   3   1   3
 91   1   3   5
 91   1   2   2
 91   1   3   3
 91   1   3   3
 91   1   3   3
 91   1   3   2
 91   1   2   5
 91   1   3   1
 91   3   2   3
 91   1   3   2
 91   1   3   1
 91   3   2   2
 91   1   3   4
 91   3   5   3
 91   3   2   4
 91   3   2   1
 91   1   3   3
 84   3   1   2
 84   4   3   1
 84   3   1   6
 84   1   1   2
 84   5   1   3
 84   3   1   2
 84   3   1   4
 84   3   1   3
 84   3   3   2
 84   3   2   1
 84   3   1   3
 84   3   1   7
 84   3   1   3
 84   4   2   3
 84   3   1   1
 84   3   1   1
 84   3   1   3
 84   4   1   5
 84   3   3   3
 84   3   2   2
 84   1   3   2
 84   1   3   3
 84   3   1   2
 84   3   2   2
 84   1   3   2
 84   3   1   2
 84   3   1   1
 84   3   2   1
 84   1   3   1
 84   3   3   1
 84   3   2   1
 84   3   1   1
 84   3   1   0
 84   3   2   2
 84   3   2   2
 84   3   1   2
 84   3   1   2
 84   5   2   1
 84   3   2   2
 84   3   2   2
 84   3   1   3
 84   4   1   2
 84   4   2   2
 84   3   2   2
 84   3   2   1
 95   5   3   1
 95   1   3   1
 95   1   3   5
 95   1   3   3
 95   1   3   3
 95   1   3   7
 95   1   3   3
 95   1   3   3
 95   1   3   2
 95   1   1   1
 95   1   3   0
 95   1   3   2
 95   1   3   2
 95   1   3   6
 95   1   3   1
 95   1   2   2
 95   1   1   3
 95   1   3   1
 95   3   3   3
 95   1   3   1
 95   3   3   3
 95   1   3   0
 95   1   3   3
 95   1   2   3
 95   1   3   1
 95   1   3   4
 95   1   3   2
 95   1   3   1
 95   3   4   2
 95   1   3   1
 95   1   3   1
 95   1   2   5
 95   1   3   2
 95   1   3   1
 95   1   3   3
 95   1   3   0
 95   1   3   2
 95   1   3   1
 95   1   1   1
 95   3   2   4
 95   1   3   0
 95   3   2   3
 95   3   2   3
 95   1   3   1
 95   1   3   3
 95   1   3   1
 95   1   3   2
 95   1   3   2
 95   1   3   5
 33   3   1   4
 33   3   1   4
 33   3   1   4
 33   3   1   4
 33   3   1   2
 33   3   1   4
 33   1   1   6
 33   3   1   2
 33   3   1   4
 33   3   1   2
 33   3   1   3
 33   3   1   2
 33   1   1   4
 33   3   1   5
 33   1   1   3
 33   3   1   1
 33   3   2   3
 33   3   1   2
 33   1   1   0
 33   3   1   0
 33   3   1   0
 33   3   1   4
 33   3   1   4
 33   3   1   0
 33   3   2   3
 33   3   1   1
 33   1   1   2
 33   3   1   0
 33   3   1   6
 33   1   3   1
 33   3   1   0
 33   3   1   1
 33   1   1   2
 33   3   1   1
 33   3   1   4
 33   1   2   2
 33   3   1   2
 33   3   1   2
 33   1   1   1
 33   1   1   1
 33   3   1   4
 33   3   1   3
 33   3   3   6
 33   1   2   1
 33   3   1   0
 33   3   1   0
 33   3   1   4
 33   3   1   4
 33   3   1   3
 33   3   1   0
 33   3   2   2
 33   1   1   3
 33   1   3   2
 33   3   1   0
 33   1   1   3
 33   4   1   3
 33   3   2   5
 33   3   2   3
 33   3   2   3
 33   3   1   3
 33   1   3   4
 33   1   1   0
 33   3   1   3
 33   1   1   0
 33   1   1   4
 33   3   1   5
 33   3   4   2
 33   3   2   6
 33   1   1   4
 33   4   1   3
 11   1   1   5
 11   3   1   4
 11   3   1   3
 11   3   1   6
 11   1   1   4
 11   3   1   4
 11   4   1   6
 11   3   1   7
 11   3   1   6
 11   1   1   8
 11   1   1   3
 11   1   1   0
 11   3   1   0
 11   3   1   2
 11   3   1   4
 11   3   5   0
 11   5   1   1
 11   3   1   8
 11   3   1   4
 11   3   1   5
 11   3   1   5
 11   3   1   0
 11   3   1   8
 11   3   1   0
 11   1   1   5
 11   3   1   6
 11   1   1   4
 11   3   1   8
 11   3   1   0
 11   1   1   4
 11   3   1   0
 11   3   1   8
 11   3   4   7
 11   4   1   4
 11   3   1   4
 11   3   1   0
 11   3   1   4
 11   3   2   6
 11   3   1   5
 11   3   2   3
 11   3   1   6
 11   3   1   5
 11   3   1   6
 11   1   1   4
 11   1   1   5
 11   3   1   6
 11   3   1   8
 11   3   2   3
 11   3   1   6
 11   3   1   7
 11   1   1   6
 11   3   1   6
 11   3   1   3
 11   1   1   3
 11   3   1   5
 82   3   1   4
 82   3   1   3
 82   3   1   4
 82   1   2   0
 82   3   0   0
 82   1   1   4
 82   3   1   3
 82   3   3   3
 82   1   3   2
 82   3   1   1
 82   3   1   2
 82   3   2   1
 82   3   1   1
 82   1   1   2
 82   3   2   3
 82   1   3   4
 82   1   2   2
 82   1   2   5
 82   3   1   4
 82   3   1   1
 82   3   1   1
 82   3   1   4
 82   1   2   5
 82   3   1   2
 82   3   1   4
 82   3   1   4
 82   3   1   2
 82   3   0   4
 82   3   1   5
 82   4   1   5
 82   3   2   3
 82   3   1   4
 82   1   3   5
 82   1   2   1
 82   1   1   4
 82   1   1   5
 82   3   2   5
 82   3   1   4
 82   3   1   2
 82   1   1   1
 82   3   1   0
 82   5   1   2
 82   3   1   3
 82   3   1   3
 82   3   4   5
 82   1   2   3
 82   1   2   3
 82   3   1   0
 82   3   1   3
 82   3   5   1
 82   3   1   4
 82   3   2   2
 82   3   1   5
 82   3   2   0
 82   3   1   2
 82   3   1   2
 82   1   2   3
 82   3   2   5
 82   3   5   1
 82   3   5   1
 82   5   1   2
 82   3   0   0
 82   1   2   6
 82   3   1   4
 63   3   1   2
 63   1   3   1
 63   1   5   1
 63   3   1   2
 63   1   3   1
 63   1   3   2
 63   3   1   3
 63   3   1   5
 63   3   1   0
 63   1   4   3
 63   1   2   3
 63   1   3   2
 63   3   1   1
 63   3   1   5
 63   3   4   3
 63   5   1   2
 63   3   1   2
 63   3   1   4
 63   3   1   2
 63   1   3   2
 63   3   1   0
 63   3   1   5
 63   1   3   1
 63   1   3   0
 63   1   1   1
 63   3   2   0
 63   3   4   3
 63   3   4   5
 63   1   1   3
 63   3   4   3
 63   3   1   3
 63   3   1   1
 63   1   3   4
 63   1   3   3
 63   2   3   2
 63   1   3   8
 63   3   2   4
 63   3   2   1
 63   1   1   2
 63   1   0   4
 63   1   2   2
 63   1   3   2
 63   3   1   1
 63   3   2   1
 63   3   1   2
 63   1   3   3
 63   3   1   2
 63   1   3   3
 63   1   3   1
 63   1   3   2
 63   3   1   3
 32   3   1   8
 32   3   1   6
 32   3   1   5
 32   3   1   1
 32   3   1   1
 32   3   1   0
 32   3   1   7
 32   4   1   2
 32   3   1   1
 32   3   2   8
 32   3   1   3
 32   3   1   2
 32   3   1   4
 32   1   1   5
 32   3   1   3
 32   1   1   1
 32   3   1   1
 32   3   1   4
 32   3   1   4
 32   5   1   6
 32   1   1   2
 32   3   1   1
 32   2   1   0
 32   2   1   0
 32   3   1   2
 32   3   1   2
 32   3   1   2
 32   1   1   2
 32   3   1   1
 32   3   1   2
 32   3   4   2
 32   1   1   6
 32   3   1   1
 32   3   1   2
 32   3   1   2
 32   3   1   8
 32   1   2   4
 32   1   5   2
 32   1   1   5
 32   1   2   5
 32   3   2   1
 32   1   1   1
 32   1   1   3
 32   3   2   1
 32   3   1   2
 32   5   2   8
 32   3   2   5
 32   3   1   3
 32   3   2   3
 32   1   1   3
 32   3   1   4
 32   3   1   1
 32   1   1   3
 32   3   1   1
 32   1   1   6
 32   1   1   7
 32   1   1   3
 32   1   1   2
 32   1   1   2
 32   5   1   2
 32   5   1   3
 32   1   3   1
 15   1   2   4
 15   3   1   8
 15   3   1   6
 15   3   2   3
 15   3   1   4
 15   1   1   3
 15   1   1   4
 15   3   4   3
 15   1   2   4
 15   3   1   8
 15   3   1   6
 15   3   2   3
 15   3   1   4
 15   1   1   3
 15   1   1   4
 15   3   4   3
 15   1   1   2
 15   3   1   2
 15   1   3   8
 15   3   2   4
 15   3   2   4
 15   3   1   8
 15   1   3   6
 15   3   1   4
 15   3   1   6
 15   5   1   1
 15   1   3   4
 15   3   1   7
 15   3   2   5
 15   3   2   0
 15   3   1   4
 15   3   2   7
 15   1   3   8
 15   1   2   8
 15   1   3   3
 15   3   1   1
 15   3   1   4
 15   3   1   4
 15   3   1   5
 15   1   2   3
 15   1   1   4
 15   3   1   6
 15   1   3   2
 15   3   1   5
 15   3   1   4
 15   3   1   5
 15   5   1   8
 15   3   4   6
 15   3   4   0
 15   3   4   0
 15   3   4   6
 15   3   4   0
 15   3   1   1
 15   1   3   2
 15   1   3   5
 15   3   1   6
 15   3   1   7
 15   3   1   3
 15   1   3   7
 15   1   3   7
 15   1   3   4
 15   1   1   3
 15   1   2   4
 15   3   1   8
 15   3   1   4
 15   1   2   8

